    ms         	pN
0.000000e+000	-1.079544e+001
7.812500e-003	-2.142205e+000
1.562500e-002	3.360982e+000
2.343750e-002	5.714167e+000
3.125000e-002	7.279051e+000
3.906250e-002	6.481059e+000
4.687500e-002	8.043529e+000
5.468751e-002	1.117925e+001
6.250000e-002	-6.430409e-001
7.031250e-002	-1.325368e+001
7.812501e-002	-1.484463e+001
8.593751e-002	-1.328788e+001
9.375001e-002	-9.370630e+000
1.015625e-001	-1.518485e+000
1.093750e-001	1.105577e+001
1.171875e-001	2.284183e+001
1.250000e-001	2.360587e+001
1.328125e-001	2.122011e+001
1.406250e-001	2.040766e+001
1.484375e-001	1.880701e+001
1.562500e-001	9.333273e+000
1.640625e-001	-2.502985e+000
1.718750e-001	-8.829873e+000
1.796875e-001	-1.043446e+001
1.875000e-001	-1.282715e+001
1.953125e-001	-1.128480e+001
2.031250e-001	-1.131774e+001
2.109375e-001	-1.213879e+001
2.187500e-001	-8.237434e+000
2.265625e-001	-4.336921e+000
2.343750e-001	-4.373269e+000
2.421875e-001	1.887167e+000
2.500000e-001	2.748513e-001
2.578125e-001	-5.274218e+000
2.656250e-001	-4.526383e+000
2.734375e-001	1.731099e+000
2.812500e-001	6.413586e+000
2.890624e-001	-7.126753e-001
2.968749e-001	-9.414027e+000
3.046874e-001	-5.520658e+000
3.124999e-001	-3.202272e+000
3.203124e-001	-1.671695e+000
3.281249e-001	2.219969e+000
3.359374e-001	4.536722e+000
3.437499e-001	8.427449e+000
3.515623e-001	9.168919e+000
3.593748e-001	2.825076e+000
3.671873e-001	-3.519067e+000
3.749998e-001	-4.172063e-001
3.828123e-001	3.471551e+000
3.906248e-001	-6.809646e+000
3.984373e-001	-1.551674e+001
4.062497e-001	-1.162886e+001
4.140622e-001	-7.741143e+000
4.218747e-001	-2.279204e+000
4.296872e-001	4.272089e-001
4.374997e-001	9.687701e-001
4.453122e-001	-1.933710e+000
4.531247e-001	-4.836190e+000
4.609372e-001	-7.246797e+000
4.687496e-001	-8.083059e+000
4.765621e-001	-1.206812e+001
4.843746e-001	-1.211709e+001
4.921871e-001	-2.719514e+000
4.999996e-001	9.039701e+000
5.078121e-001	1.686311e+001
5.156246e-001	2.153780e+001
5.234372e-001	2.148950e+001
5.312497e-001	2.144139e+001
5.390622e-001	1.981916e+001
5.468747e-001	1.347399e+001
5.546872e-001	4.767492e+000
5.624997e-001	-6.300290e+000
5.703123e-001	-1.107011e+001
5.781248e-001	-1.032905e+001
5.859373e-001	-8.800394e+000
5.937498e-001	-4.122481e+000
6.015623e-001	-3.380062e+000
6.093748e-001	-4.211629e+000
6.171874e-001	-7.404234e+000
6.249999e-001	-9.809055e+000
6.328124e-001	-1.536213e+001
6.406249e-001	-1.225539e+001
6.484374e-001	-5.211980e+000
6.562499e-001	-4.465562e+000
6.640624e-001	-2.144018e+000
6.718750e-001	1.782229e-001
6.796875e-001	4.862763e+000
6.875000e-001	6.399260e+000
6.953125e-001	8.517161e-001
7.031250e-001	-3.120557e+000
7.109375e-001	7.798722e-001
7.187501e-001	3.106844e+000
7.265626e-001	1.015789e+001
7.343751e-001	1.169938e+001
7.421876e-001	8.518542e+000
7.500001e-001	2.977001e+000
7.578126e-001	1.372443e+000
7.656252e-001	-1.018363e+000
7.734377e-001	-5.769800e+000
7.812502e-001	-8.945835e+000
7.890627e-001	-9.759281e+000
7.968752e-001	-6.635674e+000
8.046877e-001	-2.723789e+000
8.125002e-001	1.189105e+000
8.203128e-001	7.464683e+000
8.281253e-001	1.452856e+001
8.359378e-001	2.080637e+001
8.437503e-001	2.157479e+001
8.515628e-001	2.076998e+001
8.593753e-001	2.311506e+001
8.671879e-001	2.861011e+001
8.750004e-001	3.489358e+001
8.828129e-001	4.590138e+001
8.906254e-001	6.084635e+001
8.984379e-001	6.792045e+001
9.062504e-001	7.027254e+001
9.140630e-001	7.420014e+001
9.218755e-001	8.206504e+001
9.296880e-001	8.678225e+001
9.375005e-001	8.362865e+001
9.453130e-001	7.890185e+001
9.531255e-001	7.496340e+001
9.609381e-001	6.945179e+001
9.687506e-001	6.787741e+001
9.765631e-001	7.181256e+001
9.843756e-001	7.417676e+001
9.921881e-001	7.339307e+001
1.000001e+000	7.103627e+001
1.007813e+000	6.553185e+001
1.015626e+000	6.002861e+001
1.023438e+000	5.137777e+001
1.031251e+000	4.430250e+001
1.039063e+000	3.565401e+001
1.046876e+000	2.858110e+001
1.054688e+000	2.072217e+001
1.062501e+000	8.928327e+000
1.070313e+000	-1.152356e+001
1.078126e+000	-2.882551e+001
1.085938e+000	-3.825433e+001
1.093751e+000	-4.059718e+001
1.101563e+000	-3.585403e+001
1.109376e+000	-2.874821e+001
1.117188e+000	-2.164130e+001
1.125001e+000	-1.925661e+001
1.132813e+000	-1.765796e+001
1.140626e+000	-1.763274e+001
1.148438e+000	-1.445768e+001
1.156251e+000	-6.558414e+000
1.164063e+000	5.277904e+000
1.171876e+000	1.475354e+001
1.179688e+000	1.478372e+001
1.187501e+000	6.942827e+000
1.195314e+000	-1.099453e-001
1.203126e+000	3.071781e+000
1.210939e+000	7.828814e+000
1.218751e+000	7.863493e+000
1.226564e+000	1.104787e+001
1.234376e+000	1.108422e+001
1.242189e+000	5.610910e+000
1.250001e+000	1.384043e-001
1.257814e+000	-6.907739e+000
1.265626e+000	-2.145135e+000
1.273439e+000	7.341397e+000
1.281251e+000	7.382176e+000
1.289064e+000	4.274815e+000
1.296876e+000	2.742425e+000
1.304689e+000	3.572311e+000
1.312501e+000	2.828342e+000
1.320314e+000	-5.787056e+000
1.328126e+000	-4.168316e+000
1.335939e+000	1.386925e+000
1.343751e+000	-1.421508e-001
1.351564e+000	-6.394001e+000
1.359376e+000	-8.709457e+000
1.367189e+000	-1.023730e+001
1.375001e+000	-1.570080e+001
1.382814e+000	-2.037675e+001
1.390626e+000	-1.560597e+001
1.398439e+000	-6.898877e+000
1.406251e+000	-8.425168e+000
1.414064e+000	-8.376859e+000
1.421876e+000	-8.328347e+000
1.429689e+000	-7.492457e+000
1.437502e+000	1.215571e+000
1.445314e+000	9.923707e+000
1.453127e+000	9.972688e+000
1.460939e+000	1.080889e+001
1.468752e+000	1.164514e+001
1.476564e+000	9.332541e+000
1.484377e+000	1.509503e+000
1.492189e+000	-2.377598e+000
1.500002e+000	-3.903203e+000
1.507814e+000	-1.251377e+001
1.515627e+000	-1.246529e+001
1.523439e+000	-6.119353e+000
1.531252e+000	-2.135228e+000
1.539064e+000	5.784666e+000
1.546877e+000	8.981030e+000
1.554689e+000	7.453887e+000
1.562502e+000	4.351942e+000
1.570314e+000	-2.686312e+000
1.578127e+000	-1.129939e+001
1.585939e+000	-1.440244e+001
1.593752e+000	-4.123502e+000
1.601564e+000	-9.298161e-001
1.609377e+000	-1.190637e+001
1.617189e+000	-1.737302e+001
1.625002e+000	-1.418097e+001
1.632814e+000	-1.177667e+001
1.640627e+000	-4.649777e+000
1.648439e+000	6.412493e+000
1.656252e+000	1.353811e+001
1.664064e+000	9.642143e+000
1.671877e+000	-1.339325e+000
1.679690e+000	-1.232155e+001
1.687502e+000	-1.070925e+001
1.695315e+000	-4.374446e+000
1.703127e+000	-4.021242e-001
1.710940e+000	1.207778e+000
1.718752e+000	2.029618e+000
1.726565e+000	5.999454e+000
1.734377e+000	7.606786e+000
1.742190e+000	3.702766e+000
1.750002e+000	-2.563722e+000
1.757815e+000	-5.682370e+000
1.765627e+000	-1.717193e+000
1.773440e+000	3.034268e+000
1.781252e+000	6.997535e+000
1.789065e+000	1.017256e+001
1.796877e+000	1.649539e+001
1.804690e+000	1.966835e+001
1.812502e+000	2.126592e+001
1.820315e+000	2.286235e+001
1.828127e+000	2.130890e+001
1.835940e+000	1.424390e+001
1.843752e+000	1.032662e+001
1.851565e+000	9.557043e+000
1.859377e+000	4.063114e+000
1.867190e+000	-6.942310e+000
1.875002e+000	-1.401294e+001
1.882815e+000	-1.006389e+001
1.890627e+000	1.816932e-001
1.898440e+000	-1.382014e+000
1.906252e+000	-9.244474e+000
1.914065e+000	-7.661699e+000
1.921877e+000	-5.292890e+000
1.929690e+000	-8.435758e+000
1.937503e+000	-1.472858e+001
1.945315e+000	-1.944819e+001
1.953128e+000	-1.629698e+001
1.960940e+000	-9.998180e+000
1.968752e+000	-1.157260e+001
1.976565e+000	-1.550774e+001
1.984377e+000	-2.023359e+001
1.992190e+000	-1.866269e+001
