    ms         	pN
0.000000e+000	-1.014115e+001
7.812500e-003	-1.171292e+001
1.562500e-002	-6.989514e+000
2.343750e-002	1.668597e+000
3.125000e-002	3.246545e+000
3.906250e-002	-6.820909e-001
4.687500e-002	-6.183452e+000
5.468751e-002	-9.323606e+000
6.250000e-002	-8.529013e+000
7.031250e-002	-3.012918e+000
7.812501e-002	4.864288e+000
8.593751e-002	1.038204e+001
9.375001e-002	5.672487e+000
1.015625e-001	3.324045e+000
1.093750e-001	3.336761e+000
1.171875e-001	9.899283e-001
1.250000e-001	-3.716407e+000
1.328125e-001	1.019336e+000
1.406250e-001	7.329461e+000
1.484375e-001	5.772538e+000
1.562500e-001	2.824524e-001
1.640625e-001	3.005725e-001
1.718750e-001	-5.188036e+000
1.796875e-001	-1.775694e+001
1.875000e-001	-2.245732e+001
1.953125e-001	-1.535532e+001
2.031250e-001	-4.318801e+000
2.109375e-001	5.144891e+000
2.187500e-001	1.303569e+001
2.265625e-001	8.338602e+000
2.343750e-001	2.855396e+000
2.421875e-001	-2.627136e+000
2.500000e-001	-4.962022e+000
2.578125e-001	5.714852e-001
2.656250e-001	5.318768e+000
2.734375e-001	1.412022e+000
2.812500e-001	-9.575126e+000
2.890624e-001	-1.741472e+001
2.968749e-001	-1.266534e+001
3.046874e-001	-5.555109e+000
3.124999e-001	-1.591517e+000
3.203124e-001	3.946060e+000
3.281249e-001	7.910528e+000
3.359374e-001	8.728250e+000
3.437499e-001	7.186061e+000
3.515623e-001	7.217798e+000
3.593748e-001	9.556814e-001
3.671873e-001	-1.372227e+000
3.749998e-001	2.340601e-001
3.828123e-001	-1.306435e+000
3.906248e-001	-2.059866e+000
3.984373e-001	-4.527260e-001
4.062497e-001	8.235645e+000
4.140622e-001	1.377715e+001
4.218747e-001	1.538493e+001
4.296872e-001	1.305897e+001
4.374997e-001	7.979454e+000
4.453122e-001	7.030737e+000
4.531247e-001	6.082020e+000
4.609372e-001	1.241119e+001
4.687496e-001	1.323291e+001
4.765621e-001	9.334017e+000
4.843746e-001	1.015588e+001
4.921871e-001	1.569839e+001
4.999996e-001	1.101273e+001
5.078121e-001	3.179973e+000
5.156246e-001	3.214928e+000
5.234372e-001	7.970460e+000
5.312497e-001	1.272596e+001
5.390622e-001	1.669447e+001
5.468747e-001	1.751579e+001
5.546872e-001	1.282950e+001
5.624997e-001	5.782661e+000
5.703123e-001	3.091822e-001
5.781248e-001	1.129689e+000
5.859373e-001	2.736757e+000
5.937498e-001	-1.950641e+000
6.015623e-001	-1.057223e+001
6.093748e-001	-1.368668e+001
6.171874e-001	-1.601469e+001
6.249999e-001	-1.519588e+001
6.328124e-001	-1.123038e+001
6.406249e-001	-4.904851e+000
6.484374e-001	-1.533303e-001
6.562499e-001	-3.269985e+000
6.640624e-001	-1.110779e+001
6.718750e-001	-1.265179e+001
6.796875e-001	-1.340945e+001
6.875000e-001	-1.259411e+001
6.953125e-001	-8.632101e+000
7.031250e-001	-2.310329e+000
7.109375e-001	-1.496486e+000
7.187501e-001	-6.190681e+000
7.265626e-001	-1.167224e+001
7.343751e-001	-1.794120e+001
7.421876e-001	-2.106360e+001
7.500001e-001	-2.103951e+001
7.578126e-001	-1.393503e+001
7.656252e-001	-3.684093e+000
7.734377e-001	1.845511e+000
7.812502e-001	1.080240e+000
7.890627e-001	-8.340331e+000
7.968752e-001	-1.225414e+001
8.046877e-001	-9.874402e+000
8.125002e-001	-5.135081e+000
8.203128e-001	1.963850e+000
8.281253e-001	7.488494e+000
8.359378e-001	1.301238e+001
8.437503e-001	9.880935e+000
8.515628e-001	9.109023e+000
8.593753e-001	1.935124e+001
8.671879e-001	3.510020e+001
8.750004e-001	4.298048e+001
8.828129e-001	4.613929e+001
8.906254e-001	5.401801e+001
8.984379e-001	6.425619e+001
9.062504e-001	7.449356e+001
9.140630e-001	8.158298e+001
9.218755e-001	8.788482e+001
9.296880e-001	9.654612e+001
9.375005e-001	1.020595e+002
9.453130e-001	1.091455e+002
9.531255e-001	1.122968e+002
9.609381e-001	1.138737e+002
9.687506e-001	1.146629e+002
9.765631e-001	1.162381e+002
9.843756e-001	1.217463e+002
9.921881e-001	1.217461e+002
1.000001e+000	1.185980e+002
1.007813e+000	1.146623e+002
1.015626e+000	1.122993e+002
1.023438e+000	1.052147e+002
1.031251e+000	9.262181e+001
1.039063e+000	8.553553e+001
1.046876e+000	7.608807e+001
1.054688e+000	6.585299e+001
1.062501e+000	5.955098e+001
1.070313e+000	5.718200e+001
1.078126e+000	5.245188e+001
1.085938e+000	4.300022e+001
1.093751e+000	2.961389e+001
1.101563e+000	1.858705e+001
1.109376e+000	1.621397e+001
1.117188e+000	1.147979e+001
1.125001e+000	9.891934e+000
1.132813e+000	4.369378e+000
1.140626e+000	-5.087853e+000
1.148438e+000	-5.891225e+000
1.156251e+000	-5.908601e+000
1.164063e+000	-9.860629e+000
1.171876e+000	-1.066628e+001
1.179688e+000	-4.391593e+000
1.187501e+000	-2.051568e+000
1.195314e+000	-2.072546e+000
1.203126e+000	-6.028057e+000
1.210939e+000	-1.313139e+001
1.218751e+000	-1.630155e+001
1.226564e+000	-1.160446e+001
1.234376e+000	-6.137894e-001
1.242189e+000	5.655544e+000
1.250001e+000	1.696167e+000
1.257814e+000	-4.624080e+000
1.265626e+000	-3.077148e+000
1.273439e+000	-1.530769e+000
1.281251e+000	-4.705578e+000
1.289064e+000	-8.667717e+000
1.296876e+000	-1.026999e+001
1.304689e+000	-1.265956e+001
1.312501e+000	-4.034679e+000
1.320314e+000	-1.308993e-001
1.328126e+000	-1.614597e-001
1.335939e+000	2.954667e+000
1.343751e+000	9.217575e+000
1.351564e+000	1.311975e+001
1.359376e+000	1.623476e+001
1.367189e+000	1.934943e+001
1.375001e+000	1.459602e+001
1.382814e+000	7.481950e+000
1.390626e+000	-4.353083e+000
1.398439e+000	-9.894131e+000
1.406251e+000	-1.071470e+001
1.414064e+000	-9.175175e+000
1.421876e+000	-8.422598e+000
1.429689e+000	-7.670259e+000
1.437502e+000	-1.557259e+001
1.445314e+000	-2.268829e+001
1.453127e+000	-2.114955e+001
1.460939e+000	-1.489024e+001
1.468752e+000	-1.099130e+001
1.476564e+000	-4.732104e+000
1.484377e+000	7.034556e+000
1.492189e+000	1.408052e+001
1.500002e+000	1.089831e+001
1.507814e+000	5.355896e+000
1.515627e+000	6.894495e+000
1.523439e+000	1.352150e+000
1.531252e+000	-2.616521e+000
1.539064e+000	-5.011542e+000
1.546877e+000	-9.766726e+000
1.554689e+000	-1.373500e+001
1.562502e+000	-1.219562e+001
1.570314e+000	-7.508884e+000
1.578127e+000	-4.395544e+000
1.585939e+000	2.915905e-001
1.593752e+000	4.979049e+000
1.601564e+000	2.585721e+000
1.609377e+000	9.795053e-001
1.617189e+000	3.307462e+000
1.625002e+000	-1.445188e+000
1.632814e+000	-6.984290e+000
1.640627e+000	-1.252302e+001
1.648439e+000	-1.176708e+001
1.656252e+000	-7.076872e+000
1.664064e+000	-4.746526e+000
1.671877e+000	-5.542897e-002
1.679690e+000	3.849383e+000
1.687502e+000	2.247239e+000
1.695315e+000	-1.714756e+000
1.703127e+000	-6.462975e+000
1.710940e+000	-4.916451e+000
1.718752e+000	-2.582575e+000
1.726565e+000	2.112173e+000
1.734377e+000	5.233967e+000
1.742190e+000	4.422514e+000
1.750002e+000	1.251259e+000
1.757815e+000	-1.919288e+000
1.765627e+000	-1.155303e+000
1.773440e+000	-3.537812e+000
1.781252e+000	-5.919648e+000
1.789065e+000	-9.087553e+000
1.796877e+000	-8.320841e+000
1.804690e+000	-2.046009e+000
1.812502e+000	6.589887e+000
1.820315e+000	1.207942e+001
1.828127e+000	1.048870e+001
1.835940e+000	1.125907e+001
1.843752e+000	1.045660e+001
1.851565e+000	5.721060e+000
1.859377e+000	4.920150e+000
1.867190e+000	9.729249e-001
1.875002e+000	1.736718e-001
1.882815e+000	1.619640e-001
1.890627e+000	-6.357160e-001
1.898440e+000	-3.792898e+000
1.906252e+000	1.317639e-001
1.914065e+000	1.233583e-001
1.921877e+000	-1.457760e+000
1.929690e+000	1.682610e+000
1.937503e+000	4.823833e+000
1.945315e+000	6.392355e+000
1.953128e+000	5.601424e+000
1.960940e+000	2.450943e+000
1.968752e+000	-4.632534e+000
1.976565e+000	-1.014154e+001
1.984377e+000	-1.486301e+001
1.992190e+000	-1.407603e+001
