    ms         	pN
0.000000e+000	-2.948314e+000
7.812500e-003	-3.736881e+000
1.562500e-002	-6.100381e+000
2.343750e-002	-1.003873e+001
3.125000e-002	-1.004231e+001
3.906250e-002	-8.472383e+000
4.687500e-002	-6.903152e+000
5.468751e-002	-3.760404e+000
6.250000e-002	-7.702249e+000
7.031250e-002	-1.164478e+001
7.812501e-002	-1.086534e+001
8.593751e-002	-1.087370e+001
9.375001e-002	-1.166985e+001
1.015625e-001	-6.956888e+000
1.093750e-001	-9.328554e+000
1.171875e-001	-1.799764e+001
1.250000e-001	-2.037059e+001
1.328125e-001	-1.093763e+001
1.406250e-001	-5.440793e+000
1.484375e-001	-4.667237e+000
1.562500e-001	-7.042625e+000
1.640625e-001	-5.483157e+000
1.718750e-001	7.983045e-001
1.796875e-001	4.717911e+000
1.875000e-001	7.062763e+000
1.953125e-001	7.045711e+000
2.031250e-001	3.879667e+000
2.109375e-001	9.371242e+000
2.187500e-001	1.250101e+001
2.265625e-001	6.972090e+000
2.343750e-001	9.313652e+000
2.421875e-001	4.570861e+000
2.500000e-001	-6.469255e+000
2.578125e-001	-9.638817e+000
2.656250e-001	-6.512051e+000
2.734375e-001	-5.747009e+000
2.812500e-001	-1.046942e+000
2.890624e-001	2.078502e+000
2.968749e-001	2.842284e+000
3.046874e-001	7.541138e+000
3.124999e-001	1.223967e+001
3.203124e-001	1.221518e+001
3.281249e-001	1.297743e+001
3.359374e-001	1.373938e+001
3.437499e-001	6.629982e+000
3.515623e-001	-5.989415e+000
3.593748e-001	-1.546073e+001
3.671873e-001	-1.706128e+001
3.749998e-001	-1.157818e+001
3.828123e-001	-6.095313e+000
3.906248e-001	2.535695e+000
3.984373e-001	8.805197e+000
4.062497e-001	1.035191e+001
4.140622e-001	1.189851e+001
4.218747e-001	1.108356e+001
4.296872e-001	1.577819e+001
4.374997e-001	1.299525e+001
4.453122e-001	1.198314e+001
4.531247e-001	1.097105e+001
4.609372e-001	3.858774e+000
4.687496e-001	-2.466421e+000
4.765621e-001	-9.206780e-001
4.843746e-001	2.986296e+000
4.921871e-001	2.957801e+000
4.999996e-001	5.680629e-001
5.078121e-001	-1.821699e+000
5.156246e-001	2.085407e+000
5.234372e-001	4.418383e+000
5.312497e-001	9.112710e+000
5.390622e-001	1.616845e+001
5.468747e-001	2.165012e+001
5.546872e-001	1.611248e+001
5.624997e-001	8.213670e+000
5.703123e-001	6.611862e+000
5.781248e-001	2.648907e+000
5.859373e-001	-4.462224e+000
5.937498e-001	-5.276307e+000
6.015623e-001	-5.805152e-001
6.093748e-001	5.689767e+000
6.171874e-001	4.089291e+000
6.249999e-001	-2.233550e+000
6.328124e-001	-3.046336e+000
6.406249e-001	-1.497543e+000
6.484374e-001	-3.096818e+000
6.562499e-001	-1.256679e+001
6.640624e-001	-2.046221e+001
6.718750e-001	-2.048623e+001
6.796875e-001	-1.736142e+001
6.875000e-001	-1.423626e+001
6.953125e-001	-1.425909e+001
7.031250e-001	-1.113311e+001
7.109375e-001	-1.709832e+000
7.187501e-001	2.991231e+000
7.265626e-001	2.183056e+000
7.343751e-001	1.375421e+000
7.421876e-001	2.929534e+000
7.500001e-001	5.486339e-001
7.578126e-001	-6.554320e+000
7.656252e-001	-1.365677e+001
7.734377e-001	-1.524897e+001
7.812502e-001	-1.841481e+001
7.890627e-001	-1.685752e+001
7.968752e-001	-1.136413e+001
8.046877e-001	-1.059276e+001
8.125002e-001	-9.033721e+000
8.203128e-001	-9.048287e+000
8.281253e-001	-1.142357e+001
8.359378e-001	-3.565886e+000
8.437503e-001	7.440751e+000
8.515628e-001	1.529969e+001
8.593753e-001	1.843662e+001
8.671879e-001	2.393552e+001
8.750004e-001	2.707374e+001
8.828129e-001	3.336105e+001
8.906254e-001	4.515872e+001
8.984379e-001	5.459574e+001
9.062504e-001	6.088505e+001
9.140630e-001	6.245240e+001
9.218755e-001	6.480758e+001
9.296880e-001	6.873760e+001
9.375005e-001	7.345543e+001
9.453130e-001	7.974815e+001
9.531255e-001	8.446735e+001
9.609381e-001	8.603887e+001
9.687506e-001	8.761106e+001
9.765631e-001	8.603556e+001
9.843756e-001	8.918335e+001
9.921881e-001	9.311973e+001
1.000001e+000	8.918499e+001
1.007813e+000	7.816710e+001
1.015626e+000	6.793694e+001
1.023438e+000	5.928173e+001
1.031251e+000	5.849821e+001
1.039063e+000	5.850248e+001
1.046876e+000	5.693324e+001
1.054688e+000	5.930018e+001
1.062501e+000	5.615812e+001
1.070313e+000	4.435861e+001
1.078126e+000	4.043077e+001
1.085938e+000	4.437465e+001
1.093751e+000	4.280948e+001
1.101563e+000	3.416103e+001
1.109376e+000	2.157777e+001
1.117188e+000	1.922744e+001
1.125001e+000	2.081329e+001
1.132813e+000	1.452872e+001
1.140626e+000	4.309302e+000
1.148438e+000	-3.997706e-001
1.156251e+000	-4.321166e+000
1.164063e+000	-5.093557e+000
1.171876e+000	1.218585e+000
1.179688e+000	1.067972e+001
1.187501e+000	6.760677e+000
1.195314e+000	-3.061802e-001
1.203126e+000	-2.649903e+000
1.210939e+000	-4.993074e+000
1.218751e+000	-7.335669e+000
1.226564e+000	-9.677795e+000
1.234376e+000	-5.722561e+000
1.242189e+000	-6.489476e+000
1.250001e+000	-1.276557e+001
1.257814e+000	-1.195728e+001
1.265626e+000	-1.114857e+001
1.273439e+000	-1.112649e+001
1.281251e+000	-7.168457e+000
1.289064e+000	-5.571332e+000
1.296876e+000	-3.826952e-002
1.304689e+000	4.708040e+000
1.312501e+000	3.157962e+000
1.320314e+000	3.405471e-002
1.328126e+000	5.888728e-002
1.335939e+000	-3.851449e+000
1.343751e+000	-6.974360e+000
1.351564e+000	-7.735691e+000
1.359376e+000	-9.283800e+000
1.367189e+000	-1.870263e+001
1.375001e+000	-1.552763e+001
1.382814e+000	-8.416857e+000
1.390626e+000	-6.028513e+000
1.398439e+000	-1.278589e+000
1.406251e+000	8.194061e+000
1.414064e+000	2.002824e+001
1.421876e+000	2.005605e+001
1.429689e+000	1.221301e+001
1.437502e+000	4.345938e-001
1.445314e+000	-8.195310e+000
1.453127e+000	-7.379954e+000
1.460939e+000	2.880697e+000
1.468752e+000	6.844637e+000
1.476564e+000	-2.572079e+000
1.484377e+000	-1.671141e+001
1.492189e+000	-2.061845e+001
1.500002e+000	-1.822864e+001
1.507814e+000	-1.032922e+001
1.515627e+000	-5.578225e+000
1.523439e+000	-4.762760e+000
1.531252e+000	-4.734494e+000
1.539064e+000	8.033718e-001
1.546877e+000	1.027660e+001
1.554689e+000	9.517452e+000
1.562502e+000	6.396834e+000
1.570314e+000	7.211518e+000
1.578127e+000	7.238956e+000
1.585939e+000	3.330673e+000
1.593752e+000	-5.300407e+000
1.601564e+000	-1.550592e+001
1.609377e+000	-1.390518e+001
1.617189e+000	-5.220782e+000
1.625002e+000	5.037564e+000
1.632814e+000	1.057294e+001
1.640627e+000	9.811276e+000
1.648439e+000	6.687957e+000
1.656252e+000	-3.711916e-001
1.664064e+000	-4.282320e+000
1.671877e+000	-5.045429e+000
1.679690e+000	-2.991555e-001
1.687502e+000	-1.063045e+000
1.695315e+000	-5.762800e+000
1.703127e+000	-4.166203e+000
1.710940e+000	-9.958482e-001
1.718752e+000	-1.761407e+000
1.726565e+000	-4.101684e+000
1.734377e+000	-1.273922e+001
1.742190e+000	-1.665465e+001
1.750002e+000	-1.033825e+001
1.757815e+000	-3.235330e+000
1.765627e+000	1.505840e+000
1.773440e+000	3.885107e+000
1.781252e+000	5.476817e+000
1.789065e+000	9.429181e+000
1.796877e+000	9.445500e+000
1.804690e+000	5.525798e+000
1.812502e+000	-1.542945e+000
1.820315e+000	-3.889694e+000
1.828127e+000	5.977587e-002
1.835940e+000	8.601937e-001
1.843752e+000	4.808439e+000
1.851565e+000	7.968923e+000
1.859377e+000	6.406189e+000
1.867190e+000	3.268616e+000
1.875002e+000	9.174599e-001
1.882815e+000	-6.472197e-001
1.890627e+000	1.722945e+000
1.898440e+000	1.731123e+000
1.906252e+000	9.515146e-001
1.914065e+000	4.106739e+000
1.921877e+000	7.261339e+000
1.929690e+000	1.356359e+001
1.937503e+000	1.907808e+001
1.945315e+000	2.537897e+001
1.953128e+000	2.223396e+001
1.960940e+000	1.043016e+001
1.968752e+000	-1.374317e+000
1.976565e+000	-9.244053e+000
1.984377e+000	-1.711443e+001
1.992190e+000	-1.239270e+001
